775,80,92
Terrain\GeneticAlgo\animalNum,Terrain\GeneticAlgo\grassNum
0,00,0,00
100,00,1,00
100,00,3,00
100,00,6,00
100,00,10,00
100,00,12,00
100,00,14,00
100,00,18,00
100,00,20,00
100,00,24,00
100,00,26,00
100,00,30,00
100,00,33,00
100,00,36,00
100,00,38,00
100,00,42,00
100,00,45,00
100,00,48,00
100,00,51,00
100,00,54,00
100,00,57,00
100,00,60,00
100,00,63,00
100,00,66,00
100,00,69,00
100,00,72,00
100,00,75,00
100,00,78,00
100,00,81,00
100,00,83,00
100,00,87,00
100,00,91,00
100,00,94,00
100,00,97,00
100,00,100,00
100,00,103,00
100,00,106,00
100,00,110,00
101,00,112,00
101,00,114,00
101,00,118,00
101,00,121,00
101,00,124,00
101,00,127,00
101,00,130,00
101,00,133,00
101,00,136,00
101,00,139,00
101,00,142,00
101,00,145,00
101,00,148,00
101,00,151,00
101,00,153,00
101,00,157,00
101,00,160,00
101,00,163,00
101,00,166,00
101,00,169,00
101,00,171,00
101,00,175,00
101,00,178,00
101,00,181,00
101,00,184,00
101,00,187,00
101,00,190,00
101,00,193,00
101,00,195,00
50,00,198,00
50,00,202,00
50,00,206,00
50,00,211,00
50,00,216,00
50,00,220,00
50,00,225,00
50,00,230,00
50,00,235,00
50,00,239,00
50,00,244,00
50,00,249,00
50,00,253,00
50,00,258,00
50,00,263,00
50,00,267,00
50,00,273,00
50,00,278,00
50,00,283,00
50,00,288,00
50,00,292,00
50,00,298,00
50,00,303,00
50,00,308,00
50,00,312,00
50,00,317,00
50,00,322,00
50,00,327,00
50,00,332,00
50,00,336,00
50,00,341,00
50,00,346,00
50,00,351,00
50,00,356,00
50,00,360,00
51,00,364,00
51,00,368,00
52,00,373,00
52,00,378,00
52,00,382,00
52,00,387,00
52,00,392,00
52,00,396,00
50,00,399,00
50,00,403,00
50,00,408,00
50,00,413,00
50,00,418,00
50,00,422,00
50,00,427,00
50,00,432,00
50,00,437,00
50,00,442,00
50,00,446,00
50,00,451,00
50,00,456,00
50,00,461,00
50,00,466,00
50,00,470,00
50,00,475,00
50,00,480,00
51,00,484,00
51,00,488,00
51,00,493,00
51,00,498,00
51,00,502,00
51,00,507,00
50,00,512,00
50,00,516,00
50,00,521,00
50,00,526,00
50,00,531,00
50,00,535,00
50,00,540,00
50,00,545,00
50,00,550,00
50,00,555,00
50,00,559,00
50,00,565,00
50,00,570,00
50,00,574,00
50,00,579,00
50,00,584,00
50,00,588,00
50,00,593,00
50,00,597,00
50,00,601,00
50,00,606,00
50,00,611,00
51,00,614,00
52,00,617,00
52,00,622,00
52,00,626,00
52,00,631,00
52,00,636,00
52,00,640,00
52,00,645,00
52,00,650,00
52,00,654,00
52,00,660,00
52,00,665,00
52,00,669,00
52,00,675,00
52,00,680,00
50,00,684,00
50,00,689,00
50,00,693,00
50,00,698,00
50,00,703,00
50,00,708,00
50,00,712,00
50,00,717,00
50,00,722,00
50,00,726,00
50,00,731,00
50,00,736,00
50,00,741,00
51,00,744,00
51,00,749,00
51,00,753,00
50,00,758,00
50,00,762,00
51,00,767,00
50,00,771,00
50,00,775,00
50,00,779,00
51,00,783,00
51,00,787,00
51,00,792,00
50,00,794,00
50,00,799,00
50,00,803,00
50,00,808,00
50,00,812,00
50,00,817,00
50,00,821,00
50,00,827,00
50,00,832,00
51,00,835,00
51,00,839,00
52,00,843,00
52,00,847,00
52,00,852,00
52,00,857,00
53,00,860,00
53,00,864,00
53,00,869,00
53,00,873,00
53,00,879,00
54,00,882,00
54,00,887,00
54,00,891,00
54,00,896,00
54,00,900,00
54,00,903,00
54,00,909,00
54,00,913,00
54,00,917,00
54,00,922,00
54,00,926,00
55,00,930,00
53,00,934,00
53,00,938,00
53,00,943,00
53,00,947,00
52,00,952,00
52,00,956,00
51,00,962,00
51,00,966,00
51,00,971,00
50,00,975,00
50,00,980,00
50,00,984,00
50,00,988,00
50,00,992,00
50,00,998,00
50,00,1003,00
50,00,1006,00
50,00,1012,00
51,00,1015,00
53,00,1017,00
53,00,1022,00
53,00,1026,00
52,00,1031,00
51,00,1034,00
51,00,1038,00
52,00,1041,00
52,00,1045,00
52,00,1051,00
52,00,1055,00
53,00,1060,00
53,00,1064,00
53,00,1069,00
51,00,1073,00
51,00,1078,00
51,00,1082,00
52,00,1086,00
52,00,1090,00
52,00,1094,00
51,00,1099,00
51,00,1103,00
51,00,1108,00
51,00,1113,00
51,00,1117,00
50,00,1122,00
50,00,1126,00
50,00,1130,00
50,00,1135,00
50,00,1140,00
50,00,1144,00
50,00,1150,00
50,00,1155,00
50,00,1160,00
50,00,1164,00
51,00,1168,00
51,00,1172,00
51,00,1177,00
50,00,1181,00
50,00,1183,00
50,00,1189,00
51,00,1192,00
51,00,1197,00
50,00,1201,00
50,00,1204,00
50,00,1208,00
50,00,1212,00
50,00,1217,00
50,00,1221,00
50,00,1226,00
50,00,1231,00
50,00,1234,00
50,00,1238,00
50,00,1243,00
51,00,1247,00
51,00,1251,00
50,00,1255,00
50,00,1261,00
50,00,1266,00
50,00,1270,00
50,00,1275,00
50,00,1279,00
50,00,1283,00
50,00,1287,00
51,00,1291,00
52,00,1294,00
53,00,1297,00
53,00,1302,00
53,00,1306,00
53,00,1311,00
52,00,1315,00
52,00,1321,00
53,00,1324,00
53,00,1328,00
53,00,1333,00
53,00,1338,00
53,00,1342,00
53,00,1347,00
54,00,1350,00
54,00,1354,00
54,00,1359,00
54,00,1363,00
55,00,1367,00
50,00,1371,00
50,00,1374,00
51,00,1377,00
50,00,1381,00
51,00,1386,00
51,00,1390,00
50,00,1394,00
52,00,1397,00
50,00,1403,00
50,00,1407,00
50,00,1413,00
50,00,1417,00
50,00,1422,00
50,00,1428,00
50,00,1432,00
50,00,1436,00
50,00,1441,00
50,00,1444,00
50,00,1449,00
51,00,1454,00
51,00,1458,00
51,00,1462,00
50,00,1466,00
50,00,1470,00
50,00,1474,00
51,00,1479,00
52,00,1482,00
51,00,1486,00
51,00,1491,00
51,00,1495,00
52,00,1499,00
53,00,1500,00
54,00,1500,00
53,00,1500,00
55,00,1500,00
55,00,1500,00
55,00,1500,00
55,00,1500,00
56,00,1500,00
56,00,1500,00
55,00,1500,00
55,00,1500,00
55,00,1500,00
55,00,1500,00
54,00,1500,00
50,00,1500,00
50,00,1500,00
51,00,1500,00
51,00,1500,00
50,00,1500,00
53,00,1499,00
53,00,1500,00
50,00,1500,00
50,00,1500,00
50,00,1500,00
50,00,1500,00
50,00,1500,00
50,00,1500,00
50,00,1500,00
52,00,1500,00
52,00,1500,00
52,00,1500,00
53,00,1500,00
53,00,1500,00
53,00,1500,00
52,00,1500,00
52,00,1500,00
51,00,1500,00
50,00,1500,00
51,00,1500,00
51,00,1500,00
50,00,1500,00
50,00,1500,00
50,00,1500,00
51,00,1500,00
53,00,1499,00
52,00,1500,00
51,00,1500,00
51,00,1500,00
50,00,1500,00
51,00,1500,00
51,00,1500,00
53,00,1500,00
54,00,1500,00
54,00,1500,00
54,00,1500,00
54,00,1500,00
55,00,1500,00
56,00,1499,00
54,00,1500,00
55,00,1500,00
50,00,1500,00
51,00,1500,00
51,00,1500,00
52,00,1500,00
50,00,1500,00
50,00,1500,00
50,00,1500,00
50,00,1500,00
50,00,1500,00
50,00,1500,00
50,00,1500,00
50,00,1500,00
50,00,1500,00
50,00,1500,00
50,00,1500,00
50,00,1500,00
52,00,1498,00
53,00,1500,00
53,00,1500,00
54,00,1500,00
55,00,1500,00
54,00,1500,00
54,00,1500,00
54,00,1500,00
55,00,1500,00
57,00,1500,00
56,00,1500,00
57,00,1500,00
57,00,1500,00
56,00,1500,00
54,00,1500,00
55,00,1500,00
55,00,1500,00
55,00,1500,00
55,00,1500,00
55,00,1500,00
53,00,1500,00
52,00,1500,00
54,00,1499,00
55,00,1500,00
56,00,1500,00
55,00,1500,00
55,00,1500,00
53,00,1500,00
53,00,1500,00
50,00,1500,00
50,00,1500,00
52,00,1499,00
52,00,1500,00
53,00,1499,00
50,00,1500,00
50,00,1500,00
51,00,1500,00
52,00,1499,00
54,00,1500,00
57,00,1499,00
59,00,1499,00
59,00,1500,00
59,00,1500,00
58,00,1500,00
55,00,1500,00
55,00,1500,00
58,00,1500,00
57,00,1499,00
55,00,1500,00
56,00,1500,00
56,00,1500,00
57,00,1500,00
58,00,1500,00
58,00,1500,00
58,00,1500,00
61,00,1500,00
59,00,1500,00
59,00,1500,00
58,00,1500,00
58,00,1500,00
60,00,1500,00
58,00,1500,00
57,00,1500,00
58,00,1500,00
59,00,1500,00
60,00,1500,00
61,00,1500,00
62,00,1500,00
63,00,1499,00
63,00,1500,00
61,00,1500,00
59,00,1500,00
59,00,1500,00
59,00,1500,00
60,00,1500,00
63,00,1499,00
63,00,1500,00
65,00,1499,00
63,00,1500,00
56,00,1500,00
58,00,1499,00
58,00,1500,00
58,00,1500,00
63,00,1499,00
63,00,1500,00
63,00,1500,00
64,00,1499,00
64,00,1500,00
63,00,1499,00
61,00,1499,00
62,00,1500,00
60,00,1500,00
59,00,1500,00
59,00,1500,00
59,00,1500,00
61,00,1500,00
61,00,1499,00
62,00,1500,00
61,00,1499,00
62,00,1497,00
63,00,1500,00
61,00,1500,00
62,00,1500,00
63,00,1500,00
67,00,1499,00
68,00,1500,00
68,00,1500,00
68,00,1500,00
70,00,1498,00
71,00,1500,00
71,00,1500,00
71,00,1500,00
71,00,1500,00
72,00,1500,00
72,00,1500,00
71,00,1500,00
71,00,1500,00
73,00,1499,00
74,00,1500,00
74,00,1500,00
76,00,1499,00
75,00,1500,00
76,00,1499,00
75,00,1500,00
75,00,1500,00
75,00,1500,00
76,00,1500,00
76,00,1500,00
77,00,1499,00
76,00,1500,00
76,00,1500,00
76,00,1500,00
78,00,1500,00
76,00,1500,00
76,00,1500,00
76,00,1500,00
79,00,1499,00
77,00,1500,00
78,00,1500,00
82,00,1497,00
82,00,1500,00
84,00,1499,00
83,00,1500,00
83,00,1500,00
82,00,1500,00
82,00,1500,00
82,00,1500,00
83,00,1499,00
82,00,1500,00
84,00,1499,00
85,00,1500,00
89,00,1496,00
90,00,1500,00
92,00,1499,00
91,00,1500,00
91,00,1500,00
93,00,1500,00
92,00,1500,00
90,00,1500,00
92,00,1499,00
94,00,1500,00
92,00,1500,00
92,00,1500,00
92,00,1498,00
92,00,1498,00
92,00,1500,00
88,00,1500,00
89,00,1499,00
91,00,1498,00
90,00,1500,00
90,00,1500,00
90,00,1500,00
90,00,1500,00
90,00,1499,00
90,00,1500,00
97,00,1498,00
98,00,1500,00
99,00,1500,00
99,00,1500,00
100,00,1500,00
101,00,1499,00
102,00,1500,00
102,00,1500,00
104,00,1499,00
105,00,1499,00
109,00,1499,00
110,00,1497,00
112,00,1499,00
113,00,1499,00
120,00,1497,00
123,00,1498,00
123,00,1500,00
124,00,1500,00
124,00,1499,00
124,00,1499,00
124,00,1499,00
126,00,1499,00
127,00,1499,00
128,00,1499,00
130,00,1499,00
130,00,1499,00
131,00,1499,00
133,00,1497,00
135,00,1499,00
138,00,1499,00
139,00,1499,00
144,00,1497,00
143,00,1499,00
143,00,1500,00
143,00,1500,00
151,00,1497,00
152,00,1499,00
152,00,1498,00
153,00,1500,00
155,00,1498,00
159,00,1498,00
162,00,1500,00
162,00,1499,00
162,00,1498,00
163,00,1499,00
164,00,1499,00
167,00,1499,00
169,00,1499,00
173,00,1497,00
177,00,1498,00
180,00,1497,00
182,00,1499,00
184,00,1499,00
188,00,1496,00
193,00,1498,00
195,00,1498,00
199,00,1498,00
200,00,1500,00
202,00,1498,00
208,00,1497,00
209,00,1499,00
212,00,1499,00
213,00,1497,00
214,00,1499,00
219,00,1497,00
221,00,1497,00
226,00,1497,00
230,00,1496,00
231,00,1499,00
233,00,1498,00
237,00,1496,00
241,00,1500,00
245,00,1496,00
245,00,1499,00
243,00,1500,00
246,00,1500,00
248,00,1499,00
252,00,1496,00
255,00,1497,00
259,00,1496,00
267,00,1494,00
266,00,1499,00
271,00,1495,00
273,00,1498,00
274,00,1499,00
275,00,1499,00
278,00,1497,00
281,00,1497,00
281,00,1500,00
285,00,1497,00
289,00,1496,00
293,00,1496,00
296,00,1496,00
303,00,1495,00
305,00,1498,00
307,00,1498,00
310,00,1497,00
315,00,1495,00
320,00,1495,00
326,00,1498,00
333,00,1493,00
338,00,1495,00
340,00,1498,00
343,00,1497,00
348,00,1495,00
351,00,1497,00
353,00,1498,00
355,00,1498,00
356,00,1497,00
359,00,1497,00
363,00,1496,00
367,00,1496,00
366,00,1499,00
371,00,1494,00
375,00,1495,00
380,00,1495,00
381,00,1499,00
385,00,1496,00
385,00,1499,00
389,00,1496,00
392,00,1497,00
394,00,1496,00
399,00,1495,00
406,00,1493,00
411,00,1495,00
415,00,1496,00
418,00,1497,00
423,00,1495,00
425,00,1498,00
429,00,1496,00
434,00,1495,00
441,00,1493,00
445,00,1496,00
449,00,1496,00
450,00,1499,00
457,00,1493,00
459,00,1497,00
465,00,1494,00
469,00,1496,00
481,00,1488,00
485,00,1496,00
490,00,1494,00
493,00,1495,00
500,00,1493,00
505,00,1495,00
509,00,1496,00
514,00,1495,00
514,00,1497,00
518,00,1496,00
522,00,1496,00
527,00,1495,00
530,00,1496,00
535,00,1495,00
540,00,1494,00
548,00,1490,00
554,00,1494,00
557,00,1496,00
561,00,1496,00
563,00,1498,00
565,00,1496,00
569,00,1496,00
575,00,1494,00
579,00,1496,00
583,00,1496,00
